[M11139]
name = "M11139"
size = [ 1920.0, 1080.0]
matrix = [ [ 1237.0284339307132, 0.0, 951.8049061116914], [ 0.0, 1239.2592485704645, 528.5344016190471], [ 0.0, 0.0, 1.0]]
distortions = [ -0.13060079196920754, 0.13400864981470154, 0.00018961778799407008, -0.0010206183805026338]
rotation = [ 0.9618561526427922, 1.5294483485830126, 0.5242193500626191]
translation = [ -0.6270525677142821, -0.486046176284735, 1.664813522720072]
fisheye = false

[M11140]
name = "M11140"
size = [ 1920.0, 1080.0]
matrix = [ [ 1239.564060831359, 0.0, 939.5045042002059], [ 0.0, 1237.8177279329002, 522.3293362437116], [ 0.0, 0.0, 1.0]]
distortions = [ -0.12778738681922558, 0.12659057431970985, -0.0011353574281378223, -0.0016738778121932754]
rotation = [ -0.42549841680775313, -2.3977961620495334, 0.07753381513958062]
translation = [ 0.17408191483336966, -0.7307678189176363, 2.4319133320212845]
fisheye = false

[M11141]
name = "M11141"
size = [ 1920.0, 1080.0]
matrix = [ [ 2144.9601175685557, 0.0, 967.859729904023], [ 0.0, 2156.5146368800865, 550.1781128465403], [ 0.0, 0.0, 1.0]]
distortions = [ -0.09658154939711396, 0.11563585511085413, 0.0008519503575105665, 0.0028026774341342975]
rotation = [ -0.8305202999790112, -1.891827398628365, 0.34774377648736793]
translation = [ 0.28359105437278004, -0.611816310511053, 3.1709460450221942]
fisheye = false

[M11458]
name = "M11458"
size = [ 1920.0, 1080.0]
matrix = [ [ 1234.5984245085247, 0.0, 947.9858946508471], [ 0.0, 1237.6478115624498, 524.0566866338715], [ 0.0, 0.0, 1.0]]
distortions = [ -0.12622498337837573, 0.12377737313922696, 0.0007844931220846524, 0.0024126162927124457]
rotation = [ -1.9886073668640638, 2.121043700090713, 0.2280178640284939]
translation = [ 1.1633144471982872, 0.1306576477992233, 2.110901081925366]
fisheye = false

[M11459]
name = "M11459"
size = [ 1920.0, 1080.0]
matrix = [ [ 1233.2658361864355, 0.0, 965.8781503193441], [ 0.0, 1235.424828288378, 524.1692835450923], [ 0.0, 0.0, 1.0]]
distortions = [ -0.13534820801591418, 0.13164029813765474, 0.0028705420744305, 0.0024540580202590564]
rotation = [ -2.260165989846641, -0.9484360988895137, 1.2305041911728505]
translation = [ -0.3160312495276386, 0.5473174209438747, 2.877430668910176]
fisheye = false

[M11461]
name = "M11461"
size = [ 1920.0, 1080.0]
matrix = [ [ 2159.255275379283, 0.0, 953.158997218888], [ 0.0, 2151.0483334407895, 535.2519235958932], [ 0.0, 0.0, 1.0]]
distortions = [ -0.09065949369643211, 0.13567335793868693, -0.0005577826060853586, -0.0005066308214506496]
rotation = [ 0.5236742664027024, -1.931897047195022, -0.44931412539034793]
translation = [ 0.7363089741779452, -0.41920012554176084, 2.4673034398597857]
fisheye = false

[M11462]
name = "M11462"
size = [ 1920.0, 1080.0]
matrix = [ [ 2153.1495437785416, 0.0, 953.1142259526747], [ 0.0, 2152.937181403694, 535.9242335531854], [ 0.0, 0.0, 1.0]]
distortions = [ -0.08608207949606805, 0.13469767197748012, 0.0007523695072113913, 0.0009193170136982823]
rotation = [ 2.3391402181386804, -0.4864185478943366, -1.4772173917030753]
translation = [ 0.3442620327759002, 0.7642007409631263, 3.0342782804747213]
fisheye = false

[M11463]
name = "M11463"
size = [ 1920.0, 1080.0]
matrix = [ [ 2133.6164285184545, 0.0, 948.792888952807], [ 0.0, 2150.9407555171874, 541.2860068838633], [ 0.0, 0.0, 1.0]]
distortions = [ -0.09674681449775337, 0.15394732444992665, 0.0009711635303536318, 9.53135581613019e-05]
rotation = [ -2.4342626193453256, -0.687291293360094, 1.442550394932403]
translation = [ -0.0039060647180274655, 0.5788694517809843, 3.7801346151903363]
fisheye = false

[metadata]
adjusted = false
error = 0.0
